-0.000000000000000000e+00 6.573454856732771079e-01 6.617839884279643758e-01 1.062895630832481508e+00 8.591587887144934710e-01 8.184480764554900034e-01 6.607364048033161907e-01 2.776122008881325431e+00 2.474952872132029746e+00 3.861017956647411431e+00 6.832474096228123850e-01 1.669404135180993620e+00 2.939912721565965725e+00 1.402051395074951579e+00 8.604886796952527783e-01 8.420634624803046142e-01 1.032071069803932595e+00 7.200573743685266814e-01 4.239178172735036831e+00 1.585582461787859110e+00 1.806695745863822422e+00 1.588365499259474678e+00 1.891876752960673702e+00 1.371798469930418429e+00 3.382703290570024279e+00 9.641211208819526757e-01 1.818389645445578351e+00 2.097762516368389285e+00 2.094029353998587695e+00 2.286130215790469933e+00 3.109510236207583489e+00 7.484609923942006082e-01 1.432265773593012881e+00 6.322058856002156224e-01 6.878813712382781942e-01 6.912764378135647370e-01 2.579683938598225534e+00 9.319604206083217379e-01 1.222227360970703280e+00 2.519716708397157667e+00 1.103546046458266705e+00 6.289317517678651548e+00 2.976535107609115549e+00 4.100008337393990843e+00 4.804867543361866389e+00 3.200355228732008950e+00 3.074389162074766979e+00 3.037351198815078313e+00 1.671242816545127186e+00 2.304039740762930943e+00 2.327220871476226804e+00 3.043031632723173452e+00 2.702406162386260302e+00 3.161034295639138403e+00 3.503980183025081629e+00 1.280513151299072394e+00 7.512974325497734363e-01 7.140451938805686405e-01 7.327112118019825093e-01 1.765667047110914378e+00 1.779369657040818176e+00 1.625944780720540495e+00 1.024008820882288617e+00 1.001137016823591130e+00 1.342726974268062534e+00 1.334874249822686654e+00 1.122472539417904924e+00 1.177949408369351136e+00 1.232537655482619510e+00 8.603263160407788046e-01 1.209000511313658821e+00 1.434645669445474336e+00 1.187771787459133810e+00 1.245078541535489469e+00 1.905319746556134008e+00 1.378031025868678761e+00 1.265865560567853709e+00 1.838414401796897524e+00 2.109527448253528892e+00 1.432699897552613733e+00 1.917852460918315627e+00 3.516040733408040353e+00 3.312842850577401688e+00 2.846315530198854304e+00 1.724231550726954332e+00 2.426438321698344058e+00 2.174803143187812982e+00 1.593188198064298122e+00 1.599675095312772966e+00 1.510495238418569253e+00 1.473339105226708412e+00 1.102572294791455132e+00 1.402096697819875892e+00 1.309470315560417264e+00 1.114718125585192343e+00 1.121416603527785716e+00 1.220380955412595725e+00 1.306144328299373880e+00 1.119697321589935735e+00 1.291803795746231831e+00 1.328017466468682128e+00 1.583833682272312027e+00 1.460741586474932463e+00 1.313121342982216166e+00 2.431395018473251124e+00 1.735710622657945512e+00 1.845281970668142701e+00 2.006060543792506756e+00 2.793571143959204583e+00 1.984682475020701942e+00 2.155255537521082232e+00 2.413837477395709197e+00 2.166493217599237742e+00 3.999268839834269063e+00 9.637407754868367871e-01 2.105241754903767415e+00 8.315372656625468206e-01
6.573454856732771079e-01 -0.000000000000000000e+00 3.867918347118315947e-01 8.118519921339784062e-01 9.274794304518506616e-01 8.744749044094318746e-01 8.282782440061589035e-01 1.523321630287346240e+00 2.352725336379444698e+00 3.020817189542448933e+00 3.297283679906364284e-01 3.135350698125914271e+00 1.169098473728001908e+00 1.183487064020259050e+00 1.408285254346204107e+00 3.618813201425653769e+00 2.422336423752160517e+00 4.740115429269799452e-01 2.761301385810193576e+00 7.104184434136104898e-01 2.234412600910933300e+00 2.634455828635146268e+00 1.876452846056984036e+00 6.493845632728261208e-01 9.960514133889991628e-01 1.111457613637152564e+00 1.160358507270329742e+00 1.788210738388565701e+00 9.117587626236327569e-01 1.221615143725155672e+00 1.344167322539211007e+00 5.385526776115824310e-01 7.759144274510850758e-01 9.839626830934252721e-01 1.351906059504752955e+00 8.163749496998334854e-01 1.081532642930474575e+00 2.364516478041351011e+00 1.436142343393232546e+00 1.707254518858299708e+00 5.353481174493501804e-01 3.281731697381139679e+00 2.535568796822873505e+00 3.497342064116383042e+00 2.568701425381925141e+00 2.589611539782764815e+00 2.609417231373516888e+00 1.938036293053015058e+00 1.045807095430698830e+00 2.479947478665107674e+00 1.976981333478859071e+00 2.114222889306426989e+00 1.902472951301627635e+00 1.606534472756366183e+00 1.813703371007693965e+00 1.300717851903319344e+00 8.586355117403908777e-01 9.739054242226335978e-01 1.423258415628714024e+00 5.872436005763638001e+00 2.715387778618535197e+00 3.194921850994563162e+00 1.616097637592388558e+00 1.723768650311705120e+00 2.102382120657634079e+00 1.887726445207447146e+00 1.546303467891794403e+00 1.648714814315248800e+00 1.774018407363313177e+00 1.300541594231305442e+00 1.933391148462391351e+00 2.385193092964560613e+00 1.652630308914189161e+00 1.844188857851521091e+00 2.215577371142405383e+00 1.905759572099634980e+00 1.828689261630290996e+00 2.112644109268237091e+00 2.376582354267485986e+00 1.950646612830875481e+00 2.320694750398346606e+00 2.658554894025251247e+00 4.863809754741893698e+00 3.780760152063651347e+00 3.229590507081197881e+00 4.641306192977234346e+00 2.623009863534693675e+00 2.071382767079853693e+00 2.285512239926897671e+00 2.265344341469934797e+00 2.358923606031958720e+00 1.574551878992672904e+00 2.414632110223719597e+00 2.415371384468815386e+00 1.674157886324753930e+00 2.172283300522122929e+00 1.956896762216157937e+00 3.062944779926050742e+00 2.435264114901634525e+00 4.267940816590851227e+00 2.086404722394599176e+00 2.905394942805719083e+00 2.191675380051662625e+00 2.093266380750579359e+00 3.043180909051086402e+00 3.491788217138478423e+00 3.428952931098087742e+00 4.581087173095742315e+00 3.417584797125981844e+00 2.882292163937853147e+00 3.244058835475688074e+00 3.495189772594980759e+00 1.989243072041512184e+00 2.336159865932318613e+00 1.474051442110989374e+00 3.930475625840240017e+00 1.102949820817507920e+00
6.617839884279643758e-01 3.867918347118315947e-01 -0.000000000000000000e+00 4.295450052889855930e-01 5.858003672492966274e-01 8.064219671380906673e-01 9.710192980280323294e-01 1.743150935403889212e+00 1.113059162546876868e+00 5.988460356064302381e+00 2.276774305447976932e-01 1.791830736594430595e+00 1.163275560691706012e+00 1.519601761832446218e+00 7.256427072512742216e-01 2.280039874481405437e+00 2.190150243650637929e+00 9.559721039663490183e-01 3.193886817277022949e+00 1.283174539377073264e+00 4.818296201971835835e+00 1.365377141571826991e+00 3.191941137552315677e+00 1.269350330437822416e+00 9.555739755786641920e-01 2.712170320534144974e+00 1.332073761082281482e+00 3.427496465293212058e+00 1.403314209734772833e+00 2.399030113005198306e+00 1.386871281330681382e+00 9.089488771739641093e-01 9.144545462598738794e-01 1.787665345098276459e+00 3.689482384707143403e+00 1.651997011833174378e+00 1.472769760249141857e+00 2.947808457148938466e+00 1.149773132677495546e+01 1.261138512830981551e+00 6.767811204361633415e-01 5.297525960537135425e+00 3.603552226233402322e+00 3.104338554664782368e+00 2.463780090105867959e+00 3.335193586719042091e+00 6.319118363292526297e+00 3.202677973704545877e+00 7.965633123035856800e-01 2.010309651585413082e+00 2.960785481384138773e+00 3.686471969730557685e+00 2.715480038240495109e+00 2.278692126090904768e+00 2.034018708530343389e+00 1.381531243242837492e+00 1.221428920026710330e+00 1.647488984282964530e+00 1.443916128210846583e+00 3.912173619875057629e+00 2.384668271946393858e+00 1.856508223466646346e+00 1.537348378519849845e+00 1.486781987805140925e+00 1.823655538220887884e+00 1.511560638594799721e+00 1.321790150476203074e+00 1.413586292293929070e+00 1.845505756722653157e+00 1.095882603937651023e+00 1.942103366183770774e+00 2.307626607427948784e+00 1.320538009573172022e+00 1.400799345478390467e+00 1.997778407939625023e+00 1.440662233756741628e+00 1.126016969084162822e+00 1.435692324116113472e+00 1.781020495668216519e+00 1.203248215483317729e+00 1.498494528796109115e+00 3.660275405216526501e+00 2.816259201901233578e+00 2.481511689049268110e+00 5.361405121873463742e+00 2.542292927020253224e+00 2.090323825309727379e+00 2.103574899906178519e+00 3.253986123720197021e+00 2.905658163315325559e+00 2.665404924230373673e+00 1.689673520064742807e+00 2.105245493102524179e+00 3.314558662671867939e+00 1.760621023779627814e+00 1.978044415178787929e+00 1.827265833794542882e+00 2.153540327525887310e+00 2.025650163802947823e+00 3.327008492765749281e+00 1.830153178217592602e+00 2.220790018424120049e+00 1.990995403208048353e+00 1.963366595479693277e+00 7.175037333856823629e+00 2.944147378940344950e+00 2.192724979979508326e+00 3.036066233295560135e+00 2.654378475034197660e+00 3.551821767258596108e+00 3.859647024621536193e+00 3.869268668903037778e+00 1.696986132279154624e+00 3.781858963428600173e+00 1.570199966848537354e+00 2.259944676943004715e+00 1.412745142166399681e+00
1.062895630832481508e+00 8.118519921339784062e-01 4.295450052889855930e-01 -0.000000000000000000e+00 9.508341779052742471e-01 1.502522282155281053e+00 1.684427389007662867e+00 1.180061288677022535e+00 1.351146772629366000e+00 2.156277094227559754e+00 4.533418170394856173e-01 8.429494818647732535e-01 1.294613172296738890e+00 4.498155354245241710e+00 9.602174403683556569e-01 7.665139246853776456e+00 1.187482582486666827e+00 1.706709443135362880e+00 1.896900504863223924e+00 2.016031629424504867e+00 1.707490631964565742e+00 1.834032712327291037e+00 2.451558409212523326e+00 2.157245403010391804e+00 1.079673902119759665e+00 2.552171780908827792e+00 2.069026972518745566e+00 2.505164415827600077e+00 2.725659369825017997e+00 1.600165466585925955e+00 3.380211924563524484e+00 1.335697746298271982e+00 2.080019244384336385e+00 2.257066185523495250e+00 2.895099528054608573e+00 1.852703463782121807e+00 3.077141264704105428e+00 2.035392281919853996e+00 2.210941485660119721e+00 3.780423930665417043e+00 1.515770521378346336e+00 2.684246853721874437e+00 3.196399529651531513e+00 2.057390049617837224e+00 2.684871895706527400e+00 2.306907399926242164e+00 1.997293324450202245e+00 3.104571823414103982e+00 1.051524798928229254e+00 1.620726877470494598e+00 2.786979020741315427e+00 2.859031052938318052e+00 2.538921706430935732e+00 4.796695546663361398e+00 7.510836299331056232e+00 2.222267247004236168e+00 1.431540783365131908e+00 1.290957762500704487e+00 1.830649817183480632e+00 2.388372382408395556e+00 1.693123944942947157e+00 1.312212381518074622e+00 2.087997588064251619e+00 2.056244948872312683e+00 2.474757172532004112e+00 2.155203956014668076e+00 1.982237880751955617e+00 2.129662828185345802e+00 2.217842339419973996e+00 1.536106037628175658e+00 2.034797710377783009e+00 3.046986202697923751e+00 1.947528551384628770e+00 1.993572499134913523e+00 1.945749988199306557e+00 1.831009756763454233e+00 1.588672404797363269e+00 1.718490012770039099e+00 1.814118865592177388e+00 1.579647419738372083e+00 1.781102918633100884e+00 6.137823080076508120e+00 2.606049221580392317e+00 2.345349832726593142e+00 3.538574454591762120e+00 6.585053272312673123e+00 2.175304918444680435e+00 2.426291469378321519e+00 3.098178088226111182e+00 2.747824452905770265e+00 2.459745102193922506e+00 2.232783626155742329e+00 2.819593832487577334e+00 3.019999268969136619e+00 2.451415597558990633e+00 3.337856772814717932e+00 2.401991938586204522e+00 2.979221509885888075e+00 3.161476171986564054e+00 3.747293384622117696e+00 3.034015163648807079e+00 3.792777402232639705e+00 2.726021411248147785e+00 2.487944320985186142e+00 4.932531144202241258e+00 3.156885251638772871e+00 2.637104718696560823e+00 3.261531226742637735e+00 4.456392286457702134e+00 3.587004826191779294e+00 3.770753092893075920e+00 2.901287817032440319e+00 2.163256505868439206e+00 3.484664772593722759e+00 2.366856230912657733e+00 2.343129730542260258e+00 2.066746961822759854e+00
8.591587887144934710e-01 9.274794304518506616e-01 5.858003672492966274e-01 9.508341779052742471e-01 -0.000000000000000000e+00 3.265276198468260449e-01 9.251072658218197908e-01 2.110722597953623936e+00 1.258060519558311663e+00 3.175646414907189019e+00 8.119150114800588458e-01 2.023995297429497242e+00 2.549744322434193133e+00 6.498117529971055850e-01 7.368734288115037501e-01 1.234747212417132811e+00 4.357831825203139609e+00 1.604890210017958729e+00 1.226492302369239118e+00 3.211627054477550036e+00 1.268408362321878480e+00 6.928128093546227495e-01 1.881881954155355530e+00 2.070302890039799948e+00 1.535128046168269478e+00 3.226863144881921386e+00 2.671574213947426557e+00 1.380180861878723686e+00 1.284166992472896895e+00 2.557541692925207943e+00 1.539901199411788824e+00 1.145111964118345371e+00 1.643844392199247384e+00 1.371056679553107616e+00 2.912372711349284327e+00 2.166893875239540801e+00 1.621401920531953422e+00 1.549918858044996739e+00 1.053599785978673875e+00 1.773547376176618062e+00 1.763574782259380358e+00 1.678792162312356506e+00 1.803460812604193775e+00 2.131109873642601293e+00 2.163172260797876501e+00 1.890879997093535048e+00 2.513206284315420813e+00 1.859177125221490146e+00 5.814398453898835806e-01 1.183221500101577117e+00 1.605134320918614410e+00 1.637196410316782202e+00 1.676229302082131944e+00 1.856992916010141492e+00 2.907844586022213296e+00 3.972435814824544664e+00 1.933501646886202519e+00 1.672646619121224143e+00 1.433620210834303688e+00 3.614609735818825609e+00 3.043836909840360594e+00 1.548068581040750624e+00 7.444879963647665910e-01 8.063836036317799660e-01 9.706551590963767850e-01 1.365228532270502670e+00 9.693159066398174817e-01 1.104461609078574158e+00 1.238380100120494820e+00 7.316467791662599751e-01 1.111244970786845698e+00 1.188166207832300980e+00 9.520356641654826868e-01 8.491334200711413427e-01 1.042905385898234893e+00 8.757173726058634644e-01 9.279730956012374188e-01 8.783639474164423033e-01 8.830445749989088711e-01 7.479137890026068547e-01 7.973532642829090911e-01 1.326592308419124233e+00 1.140229152905934296e+00 9.227379656678216246e-01 1.086882483080880979e+00 1.666657210172671322e+00 1.168321386623894620e+00 8.593549417366592724e-01 1.130358223068069989e+00 1.185410240806017201e+00 1.213338004290646976e+00 8.488850628694305511e-01 9.246061899810473772e-01 1.636445152599620867e+00 7.633353264802782423e-01 8.261216813320668706e-01 7.823810506363030326e-01 1.032757196732888572e+00 8.641838658918142846e-01 9.271013093040200159e-01 7.702335833135355303e-01 1.012960090027341220e+00 1.020367855946357372e+00 9.759772294503842316e-01 1.411418404235884827e+00 1.345151024489822822e+00 1.630672524744046559e+00 2.217426766129867666e+00 3.030831236049648769e+00 1.672782188971187134e+00 2.096490013797112972e+00 1.650609129673893394e+00 3.917678491903882954e+00 1.428375234289096518e+00 8.967860563483347480e-01 1.356438394054095609e+00 9.806570558035874186e-01
8.184480764554900034e-01 8.744749044094318746e-01 8.064219671380906673e-01 1.502522282155281053e+00 3.265276198468260449e-01 -0.000000000000000000e+00 1.120413689102258914e+00 2.822501892188314265e+00 1.402104267196913945e+00 3.832210058253010754e+00 1.092308345134985093e+00 3.290999663709145207e+00 3.741761066374325040e+00 9.627529410029853629e-01 8.314213263252179242e-01 1.308406289877475537e+00 1.748419979418356807e+00 1.523676277056213557e+00 9.895786374640084260e-01 3.964676044280727840e+00 9.693624633696626969e-01 8.168213167751886550e-01 2.359053872177825362e+00 2.436564022752837122e+00 2.417203716726231022e+00 2.182852926484633471e+00 4.420123760746732522e+00 2.073786902887973849e+00 1.599815270227016972e+00 2.208735672498364000e+00 9.365709844818619345e-01 1.433526369200732065e+00 1.187396332588913195e+00 1.702635803206815845e+00 2.966766782751681930e+00 2.804310205310382553e+00 1.144009815375985450e+00 1.590413060911741727e+00 1.652287852589427564e+00 1.494964376952042207e+00 2.208777068825335199e+00 2.173256463612921685e+00 2.320004036283780380e+00 2.213803302517103777e+00 2.663125125060191944e+00 2.485473268690382653e+00 3.133823354012540641e+00 2.280890903307520645e+00 1.016829410491800756e+00 1.464844946207509269e+00 3.049793473283065381e+00 2.349826858584665334e+00 1.925080286013057140e+00 2.427578559252393742e+00 2.992949463357508222e+00 5.878381474420782737e+00 1.548805656482252990e+00 1.260437147643610478e+00 1.088042435495275129e+00 2.524290145039593813e+00 6.043601992647662513e+00 3.030229859297369099e+00 1.342095779837419789e+00 1.390928629838957598e+00 1.765282368801943225e+00 1.947096201528507597e+00 1.475642273589878206e+00 1.725096529167338133e+00 2.025558155537071858e+00 1.071391037285581271e+00 2.038700530530144661e+00 1.818674893606970766e+00 1.575996951306830152e+00 1.498718706917610444e+00 1.899736364799352817e+00 1.567610120852246602e+00 1.571864954994141250e+00 1.581967235333555433e+00 1.646218349415553783e+00 1.425681425225155508e+00 1.749938901880802034e+00 2.686211204937909436e+00 2.337217640037084099e+00 1.847650836858873991e+00 1.956727224811636745e+00 3.991478669044788763e+00 1.928519030758282682e+00 1.614533227499232559e+00 1.828468472689383839e+00 1.870767279110928216e+00 2.231083877542248128e+00 1.429871459142747270e+00 1.410717292413097734e+00 2.855624106254731842e+00 1.307212128350975888e+00 1.477879658554651199e+00 1.447129724103512149e+00 2.095564917321175447e+00 1.717433426797523088e+00 1.673839446952164911e+00 1.426271716119368760e+00 1.451275328253123886e+00 1.857849496365037822e+00 1.786082999594042375e+00 2.422391363075474757e+00 2.391728509622903065e+00 4.657626940802253479e+00 4.701128352757799611e+00 2.328549520133991635e+00 3.261828109536344833e+00 3.651540386152501760e+00 2.978145711825793907e+00 2.896149679434626645e+00 2.936890424512255127e+00 1.508328960600033630e+00 2.247495032360326661e+00 1.436163034237312619e+00
6.607364048033161907e-01 8.282782440061589035e-01 9.710192980280323294e-01 1.684427389007662867e+00 9.251072658218197908e-01 1.120413689102258914e+00 -0.000000000000000000e+00 1.668614238723647336e+00 2.354807831440759003e+00 1.207480677619253706e+00 6.334211891259019511e-01 2.010787800148933435e+00 2.723292336213973819e+00 2.470318600468625725e+00 1.374451220805494422e+00 7.149967540710268077e-01 1.397846194993334956e+00 1.639450293108447587e+00 2.137829679032678953e+00 2.454538010603288800e+00 1.727785744483836261e+00 1.578998653676977559e+00 1.847159137604073909e+00 1.910040709411741755e+00 5.947892365894031919e+00 2.683367696891755916e+00 3.113576409008261159e+00 1.689721975365765294e+00 1.958248429311809646e+00 1.458312795988773836e+00 1.636067268937854591e+00 1.985964951917324584e+00 9.637263215605607058e-01 1.294500481526975166e+00 9.141237045832902863e-01 1.274389821623755248e+00 1.068577428259561701e+00 7.856822717778818577e-01 1.076591108914190409e+00 1.351858076027635747e+00 9.647035129777891127e-01 3.184093818805104004e+00 3.247907188047884475e+00 3.416154610639901890e+00 3.207735881090190588e+00 3.354880324413490378e+00 5.052122206267392279e+00 6.589162881161667151e+00 2.000659990509421338e+00 2.011810218311707921e+00 3.157653440037940573e+00 4.745842384859815688e+00 4.812845753604070964e+00 3.668557545478599913e+00 3.440019465687540468e+00 1.672156859547241359e+00 1.395619673811083317e+00 1.405284546515945143e+00 6.233020916265074041e-01 1.664969165944117480e+00 2.165961161471745999e+00 2.575240416720456782e+00 1.076222880972025342e+00 8.863162307062709688e-01 1.057463904958672041e+00 1.117094090816715513e+00 1.073650722404760449e+00 1.306003265374117817e+00 1.188773363538797145e+00 8.889442529844484575e-01 1.351628799295200967e+00 1.581133536600551004e+00 1.266848765189125814e+00 1.286037303294244927e+00 2.311527712364363385e+00 1.566158311297083161e+00 1.349169135949143117e+00 1.859268265209727433e+00 2.138099656708064789e+00 1.447960006399099830e+00 2.064141145361310770e+00 3.413350585123020586e+00 3.254196572906168150e+00 2.933606692134254512e+00 1.721695167133598714e+00 3.019046409957071297e+00 4.250987482891732228e+00 1.707551724030346829e+00 1.796785772937358416e+00 2.252731348659247512e+00 2.319660824237535390e+00 1.504862886140581724e+00 2.038394394918417785e+00 3.076826586305394962e+00 1.367123868764578365e+00 1.286182127886635884e+00 1.367648383169044468e+00 1.350763742583282800e+00 1.013095696256381517e+00 1.081203551840691723e+00 1.430874669685080924e+00 2.311053414973921694e+00 1.747229481549968266e+00 1.587706680924240610e+00 2.451817168726865948e+00 2.050198225570436961e+00 1.899216407730775602e+00 2.020853209424920305e+00 1.592522299449765644e+00 1.766808160521030402e+00 1.418250741595346476e+00 1.793422057920678325e+00 2.280779747700156346e+00 2.317884436429368478e+00 9.663874629741268096e-01 1.899243478983763556e+00 8.641064418030540706e-01
2.776122008881325431e+00 1.523321630287346240e+00 1.743150935403889212e+00 1.180061288677022535e+00 2.110722597953623936e+00 2.822501892188314265e+00 1.668614238723647336e+00 -0.000000000000000000e+00 2.533772130682491852e+00 1.841757318313333114e+00 1.757538407259480628e+00 1.096559426325449671e+00 1.728261650255855875e+00 7.319444834398853850e-01 3.133489972131325629e+00 3.690142009712451987e+00 1.621366372080743190e+00 2.638776195871677999e+00 1.363441598202425498e+00 4.337552831619808202e+00 8.891338632891419014e-01 2.080172327408527977e+00 1.548184331011284609e+00 2.121147058723786838e+00 2.538560937389191530e+00 2.492358499883069900e+00 2.212894975721691804e+00 5.031228487049214770e+00 1.664856037863379878e+00 2.538263517673847502e+00 1.598174992527896299e+00 1.950663657096291859e+00 3.266990343606325453e+00 2.776241012448489531e+00 2.574070915633558165e+00 2.544424907640873368e+00 4.440441528203916022e+00 3.880275810394682168e+00 1.047416648522043081e+00 1.846853333522793905e+00 3.684621154664834641e+00 1.298581887805928092e+00 1.383392689221839555e+00 1.902454336985850203e+00 1.378746924874214352e+00 1.367107706138374734e+00 1.702550103054642827e+00 1.268461607965077453e+00 1.574167808240220401e+00 1.415971124453249574e+00 9.213710313456788814e-01 1.138668647652275601e+00 1.343444182587414160e+00 1.312375247977577208e+00 1.324160646478343528e+00 1.151402289915990362e+00 1.843793333939389489e+00 4.071979472372808218e+00 3.781769153444639375e+00 2.167765993540221370e+00 1.950645842654097128e+00 2.150621218592049022e+00 1.383866222172019489e+00 1.528829331349203624e+00 1.309749007532363230e+00 1.958445878807473228e+00 1.545014988561061786e+00 1.524685508403551104e+00 1.460702827985234542e+00 1.382675292761673447e+00 2.019567820163341576e+00 1.359766092852992436e+00 1.443496463464114754e+00 1.323332465673928038e+00 1.087803011823409660e+00 1.257887295367907443e+00 1.593656324839955563e+00 1.157190456315093874e+00 1.265762869420865355e+00 1.147919611574084620e+00 1.153452680487909054e+00 1.158227333722418040e+00 1.084967311045266003e+00 1.011631698113554467e+00 1.227317780504860067e+00 1.482068091478958571e+00 1.263010620145636587e+00 1.295181319926635100e+00 1.489601994659554007e+00 1.384885368308361508e+00 1.261062453420979779e+00 1.325928314099619865e+00 1.199258704043584478e+00 1.289639426151497403e+00 1.245439630690364341e+00 1.337110715915846404e+00 1.297257060693140396e+00 1.375632111336353658e+00 1.429168447788222274e+00 1.124984963978854280e+00 1.199648480528346273e+00 1.326497240209562500e+00 1.373413933820940791e+00 1.322564482824702070e+00 1.513856683528061575e+00 1.206421534026334452e+00 2.160585739999269173e+00 1.594239533422694866e+00 2.815447744074064396e+00 1.658406430662967779e+00 1.890231029963983955e+00 1.349530028276122229e+00 1.975480765593211396e+00 1.353925596042568680e+00 1.394000788424914372e+00 1.257501995904212189e+00 1.592137355941608323e+00
2.474952872132029746e+00 2.352725336379444698e+00 1.113059162546876868e+00 1.351146772629366000e+00 1.258060519558311663e+00 1.402104267196913945e+00 2.354807831440759003e+00 2.533772130682491852e+00 -0.000000000000000000e+00 8.735189629617229334e-01 1.340221016856139036e+00 3.465358849879448755e+00 2.725248247296586879e+00 1.046812581618239868e+00 2.960886116569870108e+00 1.280145756108568511e+00 5.748259983991418132e+00 1.930340151559796213e+00 1.724561212764437634e+00 2.063451940194668044e+00 2.416358747501948567e+00 1.669493280171935767e+00 4.562610662219966251e+00 3.729342247065809079e+00 1.180392562322863714e+00 2.684789824330688468e+00 2.087017537208926132e+00 2.880962211624799263e+00 2.085697315505322003e+00 1.823059583659331073e+00 2.246888213918470267e+00 1.269919505427418605e+00 3.332972418726591002e+00 2.346105733323259557e+00 1.519401178890567028e+00 3.139509950748525124e+00 1.619993095258801308e+00 1.616871449724189391e+00 1.287864596759630498e+00 3.621149346085751564e+00 2.043341991151904846e+00 1.816277571223717580e+00 2.008034197493326900e+00 2.146904963726955717e+00 1.786461268913056122e+00 1.991800373644846411e+00 2.062991497074008862e+00 3.022635262952725999e+00 1.748904887449049594e+00 3.038445184168806712e+00 2.625994870254158453e+00 2.715147820873339946e+00 3.317615427832376618e+00 3.665935605544123899e+00 2.332427210057785416e+00 2.345576298913695901e+00 1.793011488611510940e+00 1.600162710101866503e+00 1.315228758247446672e+00 2.381658865752994458e+00 2.009595699344568942e+00 4.218648344422190277e+00 4.167336752831904967e+00 3.128163327674629013e+00 2.633369532797046553e+00 2.330781050314826963e+00 2.746781955910558626e+00 2.281778663673604157e+00 2.160377282785407083e+00 3.879184250765068676e+00 2.151560263792466454e+00 2.774134073735311290e+00 3.011459856289467218e+00 3.818469895600181019e+00 4.244273121089111811e+00 3.064120919413540811e+00 3.055925470699467628e+00 3.551388168041122562e+00 3.090489663794663944e+00 2.078508942654924141e+00 2.739554818888133347e+00 2.833976236163338935e+00 5.101641709576107964e+00 2.940296659775832655e+00 5.371120719986191006e+00 3.290981242986573907e+00 2.618527957471270096e+00 3.672906357239039465e+00 3.390745484398541620e+00 5.238048886481784905e+00 3.351912481060990157e+00 2.631875816761747089e+00 2.095718993725291579e+00 3.988100525705608579e+00 8.648816474375577101e+00 4.163382711565756900e+00 7.590613431083392371e+00 3.027358517100084523e+00 2.490987264408811797e+00 2.613560110437771034e+00 3.265850059317839005e+00 2.683148300002909714e+00 3.479522553613736857e+00 5.243292889756665964e+00 3.070151900739633177e+00 3.448397302139807330e+00 2.594991509969549526e+00 4.319856427389722420e+00 2.188711370218622054e+00 3.178977551292271997e+00 2.113477618209621323e+00 2.614779424464470647e+00 3.204625600768381322e+00 3.135136572567289281e+00 5.155403643797784596e+00 3.598770192816075131e+00 4.725927995487398725e+00
3.861017956647411431e+00 3.020817189542448933e+00 5.988460356064302381e+00 2.156277094227559754e+00 3.175646414907189019e+00 3.832210058253010754e+00 1.207480677619253706e+00 1.841757318313333114e+00 8.735189629617229334e-01 -0.000000000000000000e+00 5.076182836843194934e+00 1.448896165605394470e+00 2.221166912397703808e+00 1.047023537233139345e+00 9.138726118686595346e-01 5.790272853418643173e-01 2.169833402354456542e+00 1.050405364471468816e+00 1.822283992357464744e+00 8.110395462447940185e-01 2.717847761329001521e+00 1.611227564299249071e+00 1.592726172430528386e+00 1.450087593499943539e+00 1.707161002445737541e+00 1.229764528559367909e+00 3.078475614152271334e+00 1.646395212463404478e+00 3.464688749185214078e+00 1.124097712923908476e+00 2.693716955041471017e+00 7.208289859055804216e-01 3.434927059983761577e+00 1.070339603353121838e+00 3.125582773754041366e+00 1.502057305987563929e+00 1.431879730468044620e+00 1.707471951305318925e+00 1.736204833662418734e+00 1.660706062608133804e+00 2.382062115665426916e+00 3.464179267352622826e+00 2.785517864901390528e+00 2.451353317627238848e+00 2.871667103464511595e+00 2.502223371380724259e+00 3.394439831370784866e+00 3.506896578034748302e+00 2.308733057157567270e+00 4.811036798627703170e+00 2.007059762463446084e+00 2.682227723839250899e+00 1.946936300877759374e+00 2.414795055966087567e+00 2.630968786223123246e+00 2.079701352026061212e+00 2.125012414458044674e+00 1.182890316416168375e+00 1.312594998984055517e+00 3.958304894904471904e+00 4.271024614576544920e+00 5.146060065513652582e+00 1.553483364119892851e+00 1.727889179998803426e+00 3.008832068233756374e+00 3.789807858503462246e+00 2.523405662845314534e+00 3.249365771675130521e+00 2.597480711747246929e+00 2.161899900104471417e+00 2.978750206098328857e+00 2.434460223839275184e+00 2.770422944600642090e+00 2.022235152294066918e+00 1.558170055043765378e+00 1.775608029764067730e+00 2.549548512141570189e+00 2.236822952933627651e+00 1.816548496305484095e+00 2.126195297867041756e+00 1.861658772328457445e+00 3.565091234253680241e+00 2.344923857325527994e+00 2.012007975372391400e+00 1.984520012278688572e+00 2.148646219012962710e+00 1.881777102065705254e+00 1.604109064847163646e+00 1.489411899813878337e+00 1.462354850804012285e+00 1.296542626723892422e+00 1.384090088153148157e+00 1.442054930720521044e+00 1.204960938043032614e+00 1.778249726260413999e+00 1.692246549315507220e+00 1.586713891972453050e+00 1.645906554433020474e+00 2.225412285769682086e+00 1.864192530281934213e+00 1.660973625502580875e+00 1.480150713497113246e+00 1.604027125241123342e+00 1.645543348379548965e+00 2.300939972561321323e+00 1.629472327270544030e+00 2.500672828532457093e+00 2.388082700918104706e+00 3.117980569367247767e+00 4.912605213262938975e+00 2.691463640310182370e+00 3.807932577738450064e+00 2.110601339318354253e+00 3.503749196024917634e+00 1.543738031741533456e+00 1.340872757125687542e+00 1.536377347248045311e+00
6.832474096228123850e-01 3.297283679906364284e-01 2.276774305447976932e-01 4.533418170394856173e-01 8.119150114800588458e-01 1.092308345134985093e+00 6.334211891259019511e-01 1.757538407259480628e+00 1.340221016856139036e+00 5.076182836843194934e+00 -0.000000000000000000e+00 4.315487495289240805e+00 1.002938667210752088e+00 1.357949845312205861e+00 9.258322168175182609e-01 2.071000744504688296e+00 4.347902292774933564e+00 7.126315864113285103e-01 6.910356584209265129e+00 1.300368800575763206e+00 2.675253840195129129e+00 1.583075282839689013e+00 2.123421569758765948e+00 9.132761278921389669e-01 6.701883930004776113e-01 1.605093851379499226e+00 2.242654488055177975e+00 2.249003074471108921e+00 1.299878843315728894e+00 1.395733849174800367e+00 1.911356153754868226e+00 6.438181705999302951e-01 1.237876149288257288e+00 1.183039430571706907e+00 1.750323674099093507e+00 1.049203353333687083e+00 1.836665891930830297e+00 3.690734547512622754e+00 2.425559322400144602e+00 1.400076576098438164e+00 5.152292964056335300e-01 3.198679511500374772e+00 9.295657441257684894e+00 4.441790432623530904e+00 3.400893558104314263e+00 4.639488517639288823e+00 4.801184033565911946e+00 3.932693666203858740e+00 8.783001422142783232e-01 1.781558020903989403e+00 6.600821340539280158e+00 4.967849424980452788e+00 2.206248583536952523e+00 2.613893254634408247e+00 2.482719667793207297e+00 1.268738914004908347e+00 9.503989439589853871e-01 9.521087964654501024e-01 1.341360051562570987e+00 2.142958857078042456e+00 1.912265435074451458e+00 1.971417017684390816e+00 1.344200537083145353e+00 1.281332673756714557e+00 1.665311916070495446e+00 1.342403201043211647e+00 1.217546520549705580e+00 1.661712707129481714e+00 1.571754229083746512e+00 9.746135174822631031e-01 1.807589365738521359e+00 2.623499962243853734e+00 1.333771863577448480e+00 1.460571567028688955e+00 1.905631684988820185e+00 1.429080115336187617e+00 1.123984099403945169e+00 1.480758818553863154e+00 1.749306615909739460e+00 1.218668806019213680e+00 1.613878003545438089e+00 3.077192929567253987e+00 3.003930155329990637e+00 2.619852382191028006e+00 5.816275255949945766e+00 3.802346272530039872e+00 2.401640480049464177e+00 2.140881498112022108e+00 3.002505738253920420e+00 2.549700099474319082e+00 2.335032230477633419e+00 1.570837433911361547e+00 2.390067037488303736e+00 2.956222317358862650e+00 1.839807164385418581e+00 2.137791986128489974e+00 1.904164011549503321e+00 2.294899399741876511e+00 1.895503621439646791e+00 2.790160013099681979e+00 1.971993679516337972e+00 3.729621523384324178e+00 2.358831218129384233e+00 1.979153796286239553e+00 2.198979288809371102e+00 7.245522917198225166e+00 3.260999449253412674e+00 4.597964097337893463e+00 4.260220814288955715e+00 3.248053537951145486e+00 3.929972908903603290e+00 3.058468450995503130e+00 1.366025877209917860e+00 2.325785323601759824e+00 1.224568957045344852e+00 1.722562482522770111e+00 1.022232446256843064e+00
1.669404135180993620e+00 3.135350698125914271e+00 1.791830736594430595e+00 8.429494818647732535e-01 2.023995297429497242e+00 3.290999663709145207e+00 2.010787800148933435e+00 1.096559426325449671e+00 3.465358849879448755e+00 1.448896165605394470e+00 4.315487495289240805e+00 -0.000000000000000000e+00 3.121372619513827829e+00 1.178089091245442699e+00 7.902134434782975836e-01 2.161036452845168654e+00 1.813389882974963674e-01 6.808976008998819385e-01 1.162638670018846243e+00 1.114426953267544596e+00 1.512211543422407267e+00 1.075931081054819494e+00 1.011777826984381345e+00 8.032899705825374825e-01 1.937153256174540372e+00 7.932346164972349234e-01 2.322790004161964461e+00 1.026443180045852666e+00 1.317125157417722736e+00 2.994134252152560460e+00 2.949747174817652251e+00 8.441827151534174734e-01 2.023402289888029060e+00 6.622852740975546659e-01 8.086761155666410961e-01 8.436308596095243306e-01 4.843874931378849169e+00 1.648673004422226196e+00 1.032794912215572625e+00 2.776568170808932923e+00 1.577309864047693688e+00 2.237023439296371485e+00 3.055582933231154374e+00 2.175578046615178174e+00 2.086820976741986744e+00 2.331166974838329242e+00 1.614131880155880827e+00 1.693172594720242952e+00 1.239856575885945222e+00 1.681048435670567276e+00 1.675763371416782777e+00 1.699977126758057233e+00 3.952773195969939923e+00 1.966380882457814616e+00 2.545965662308030453e+00 2.090225124979674831e+00 1.246204292584264461e+00 1.010068693853254596e+00 2.513032317261894910e+00 3.704263827461301783e+00 4.077727750255102812e+00 2.387065111253647398e+00 1.817522539367522061e+00 2.201664518553628547e+00 4.841332924801454496e+00 2.619776888973944562e+00 6.590623365100165998e+00 4.973128170939213000e+00 5.010220047434302160e+00 2.816757436332004705e+00 3.320787553709111606e+00 3.363301400790354112e+00 3.881073353649810542e+00 3.324504272742012212e+00 4.245895418268386123e+00 4.979750965100596893e+00 2.608070727313394954e+00 2.349011145815963708e+00 2.320281108666487846e+00 2.627551555383850879e+00 1.964132999019882364e+00 2.449247539353915482e+00 2.631284589201350776e+00 2.083446369188463265e+00 4.132258061137899396e+00 2.718667589349978098e+00 2.981433906458908378e+00 3.748502028945853493e+00 2.411801259962589761e+00 2.321302355205598023e+00 3.350477346557689362e+00 2.120432522196951552e+00 2.016666313113097964e+00 1.798507831364200227e+00 3.220421415537857435e+00 1.808462683913091507e+00 2.176850444973191578e+00 2.389789435541584517e+00 2.084570550144836609e+00 1.685335052503637021e+00 1.994169293443990743e+00 1.927565602942658218e+00 2.366903738962383486e+00 2.405312493668219531e+00 3.886006261696677733e+00 2.580490169131803402e+00 2.881951687182343846e+00 4.491917386027703962e+00 4.215994530911616245e+00 3.466193030172185718e+00 4.622680409203435481e+00 3.030204346596704568e+00 2.719290975495780582e+00 2.731247935091621670e+00 1.386724747002578750e+00 1.777740706535069881e+00 1.097197722408968179e+00
2.939912721565965725e+00 1.169098473728001908e+00 1.163275560691706012e+00 1.294613172296738890e+00 2.549744322434193133e+00 3.741761066374325040e+00 2.723292336213973819e+00 1.728261650255855875e+00 2.725248247296586879e+00 2.221166912397703808e+00 1.002938667210752088e+00 3.121372619513827829e+00 -0.000000000000000000e+00 1.199089385378477868e+00 1.957771391134521366e+00 1.899449605442021349e+00 1.854082715312805663e+00 1.921104729311967185e+00 1.160198648538885546e+00 1.476692973900729955e+00 1.391593395384338461e+00 3.215838582238207621e+00 9.052100103299252076e-01 2.047887465069447188e+00 1.290562812637951584e+00 3.718128091759389964e+00 1.486519434297314479e+00 1.822350157204376098e+00 2.080303598159635392e+00 1.077308009340254058e+00 6.984738500209869416e-01 1.788954829504237454e+00 4.011923353351799726e+00 2.113000539410283096e+00 1.385662690693069576e+00 2.532255442318680050e+00 2.092827055758174737e+00 1.626114375707053528e+00 1.814209391733367482e+00 1.732870355878100677e+00 8.419807028524923798e-01 1.989121720432102558e+00 4.509786439846086736e+00 2.907827753442306484e+00 3.382278761342605300e+00 2.902079137333772874e+00 3.620103691598632878e+00 3.053426255627848640e+00 1.285898469119487464e+00 2.040201883932841742e+00 1.644304475040033298e+00 1.956659781783918417e+00 3.579292689179924825e+00 3.223218570960072249e+00 3.781435968319108110e+00 3.313278176767343819e+00 2.259605024711806465e+00 1.491616365362297580e+00 1.631032193535625785e+00 4.247468220207548661e+00 3.165143302436908002e+00 2.461354609762478773e+00 2.033275469408905245e+00 1.909987025140532868e+00 2.281975611963757977e+00 1.922732766089634060e+00 1.833668562305029504e+00 2.779804125485901167e+00 2.090831053598595446e+00 1.874143201449424145e+00 3.255229181934498062e+00 3.286227854421954753e+00 2.051710901566293987e+00 2.713654654334017646e+00 1.945984447003336060e+00 2.288244043276306261e+00 2.351563826538460855e+00 1.769686960014691168e+00 2.074704663118071224e+00 1.814560263007314322e+00 1.748855168054734399e+00 2.484672746008097288e+00 2.430966525353880581e+00 1.973337755591955789e+00 2.963061581882110218e+00 3.171796299583603762e+00 2.847612544319650496e+00 2.508486275147354672e+00 5.448532415879173030e+00 4.727147909731590936e+00 2.675120883718820064e+00 3.096826535639722877e+00 3.120441400549341715e+00 2.583411329506767995e+00 2.109146651634070224e+00 4.211212670128576363e+00 3.213178550389713006e+00 2.730072349980444457e+00 2.967607073199184153e+00 8.441022020234818513e+00 2.566227625413866953e+00 3.542798460603510780e+00 4.715917153194872924e+00 3.205206893061611328e+00 3.657275318752930549e+00 4.965399935518050256e+00 2.135075472249737150e+00 2.100567094463346773e+00 2.527058618956831815e+00 3.866185105735059135e+00 3.412553885223524208e+00 3.607877995539476412e+00 3.683518627781869892e+00 2.662983119481328043e+00 2.239337581874438765e+00 2.135330187452797457e+00 2.039558940032049072e+00
